      0/99    0.818G    0.1051    0.0993   0.04202    0.2465         4       416         0         0 9.979e-05 1.951e-05   0.09541   0.09692   0.03674
      1/99     1.75G       0.1    0.1035   0.03373    0.2373         5       416         0         0 0.0002236  5.12e-05     0.093   0.09837   0.03105
      2/99     1.75G    0.0987    0.1062   0.02956    0.2344         5       416         0         0 0.0001438 2.715e-05   0.09302   0.09839   0.02818
      3/99     1.75G     0.098    0.1077   0.02759    0.2333         7       416         0         0 0.0001659 2.707e-05   0.09327   0.09852   0.02675
      4/99     1.75G    0.0984    0.1056   0.02681    0.2308        11       416         0         0 0.0001537 2.492e-05   0.09321   0.09841   0.02614
      5/99     1.75G    0.0966    0.1021   0.02687    0.2256         1       416         0         0 0.0002124 3.389e-05   0.09237   0.09895   0.02553
      6/99     1.75G   0.09695     0.103   0.02689    0.2268         6       416         0         0 0.0002453 4.133e-05   0.09112    0.1004   0.02501
      7/99     1.75G   0.09501    0.1048   0.02534    0.2251         1       416         0         0 0.0004797 8.585e-05   0.09011    0.1006   0.02473
      8/99     1.75G   0.09071    0.1085    0.0243    0.2235         2       416    0.1019  0.004179   0.01663  0.004201   0.08854   0.09586    0.0247
      9/99     1.75G   0.08892    0.1053   0.02413    0.2183         3       416   0.01511    0.1007   0.02532  0.004991   0.08578   0.09395   0.02348
     10/99     1.75G   0.08442    0.1007   0.02409    0.2092        12       416   0.01605    0.1653   0.06096    0.0142   0.07826   0.09144   0.02306
     11/99     1.75G   0.07869   0.09681   0.02443    0.1999         5       416   0.01206    0.1979   0.07146   0.01714   0.07351    0.1005   0.02379
     12/99     1.75G   0.07434   0.09279   0.02343    0.1906         2       416   0.01313    0.1949   0.08542   0.02253   0.06824    0.1086   0.02287
     13/99     1.75G   0.07468   0.09729   0.02328    0.1952        31       416   0.02193    0.1862    0.1001   0.03079   0.06772   0.08455   0.02273
     14/99     1.75G   0.07122   0.09196   0.02363    0.1868         4       416   0.02996    0.1695   0.06258   0.01461   0.07538   0.07644   0.02288
     15/99     1.75G   0.07022   0.08274   0.02388    0.1768         1       416    0.0381    0.1725    0.1098   0.03689   0.06893   0.07818   0.02229
     16/99     1.75G   0.06885   0.08669    0.0232    0.1787         9       416   0.05281    0.1391    0.1051   0.03715   0.07613   0.07683   0.02196
     17/99     1.75G   0.06731   0.08431   0.02259    0.1742         8       416   0.04363    0.2071    0.1424   0.04951   0.05855   0.07328   0.02113
     18/99     1.75G   0.06497   0.08066   0.02397    0.1696         1       416   0.07285     0.202    0.1671   0.06702   0.05551   0.06861    0.0208
     19/99     1.75G   0.06294    0.0803   0.02299    0.1662         7       416    0.1019    0.2264    0.1838   0.07044   0.05542    0.0723   0.02018
     20/99     1.75G   0.06083    0.0812   0.02185    0.1639         6       416    0.2132    0.2256    0.2083   0.07419   0.05502   0.06501   0.01972
     21/99     1.75G   0.06023   0.08224   0.01975    0.1622         7       416   0.09866    0.2309    0.1689   0.06365    0.0578   0.06518   0.01854
     22/99     1.75G   0.06341   0.08153    0.0196    0.1645         9       416   0.07756    0.2669    0.1596   0.05427   0.06156    0.0685   0.01882
     23/99     1.75G   0.06074   0.07944   0.01923    0.1594         3       416    0.1225    0.2619    0.1736   0.07113   0.05424    0.0667   0.01832
     24/99     1.75G    0.0598    0.0762   0.01979    0.1558         3       416    0.1108    0.3352    0.2366    0.0986   0.05208    0.0616   0.01693
     25/99     1.75G   0.05739   0.07768   0.01861    0.1537         1       416    0.1402    0.2955    0.2492   0.09939   0.05056   0.06239   0.01526
     26/99     1.75G   0.05932   0.07581   0.01819    0.1533         4       416     0.104    0.3599    0.2753    0.1038   0.05245   0.06746   0.01571
     27/99     1.75G   0.05585    0.0781   0.01861    0.1526         6       416    0.1136    0.3475    0.2567    0.1031   0.05103   0.06619   0.01737
     28/99     1.75G   0.05627    0.0771   0.01738    0.1508         6       416     0.101    0.3594    0.2676    0.1105   0.05107   0.08393   0.01583
     29/99     1.75G   0.05365   0.07386   0.01779    0.1453         2       416    0.1715    0.3445    0.2826    0.1139   0.05148   0.06268   0.01605
     30/99     1.75G    0.0527   0.07898   0.01627     0.148        16       416    0.1426    0.3079    0.2479   0.09602   0.05252   0.06668   0.01477
     31/99     1.75G   0.05429   0.07398   0.01743    0.1457         3       416    0.1621    0.3866    0.3355    0.1493   0.04524   0.06023   0.01505
     32/99     1.75G   0.05026   0.07543   0.01755    0.1432         1       416    0.2091    0.3451    0.3181    0.1442   0.04452    0.0587   0.01452
     33/99     1.75G    0.0502   0.07166   0.01634    0.1382         7       416    0.1968    0.3685    0.3457    0.1588   0.04359   0.05798   0.01484
     34/99     1.75G   0.05063   0.06916   0.01619     0.136        12       416    0.2201    0.3574    0.3322    0.1662   0.04162   0.05695   0.01425
     35/99     1.75G   0.04832   0.07193   0.01748    0.1377         6       416     0.206    0.3736    0.3573    0.1734   0.04114   0.05607   0.01312
     36/99     1.75G   0.04868   0.06968   0.01615    0.1345         4       416    0.4341    0.3982    0.3744    0.1766   0.04231   0.06043   0.01329
     37/99     1.75G   0.04672   0.06856   0.01426    0.1295         4       416   0.09281    0.4006    0.3316    0.1427   0.04392   0.06453   0.01322
     38/99     1.75G   0.04631   0.06799   0.01624    0.1305         2       416    0.2651    0.3759    0.3755    0.1741   0.04167   0.05595   0.01259
     39/99     1.75G   0.04569   0.06794   0.01548    0.1291        10       416    0.2165    0.3814    0.3617    0.1729   0.04239   0.05536   0.01279
     40/99     1.75G   0.04661   0.07006   0.01756    0.1342         7       416    0.1679    0.3971      0.36    0.1729   0.03997   0.05569   0.01324
     41/99     1.75G    0.0445   0.06147   0.01588    0.1219         2       416     0.252    0.3768    0.3624     0.179   0.04061   0.05404   0.01351
     42/99     1.75G   0.04454   0.07259   0.01618    0.1333         3       416     0.238    0.3917    0.3762     0.179   0.04028   0.05345   0.01368
     43/99     1.75G   0.04485   0.06681   0.01601    0.1277         2       416    0.2048    0.3999    0.3962    0.1941   0.03958   0.05322   0.01229
     44/99     1.75G     0.044   0.06464   0.01653    0.1252         2       416    0.2429    0.3943    0.3685    0.1843   0.03906   0.05349     0.013
     45/99     1.75G   0.04172   0.06547   0.01462    0.1218         8       416    0.2454    0.3976    0.3952     0.201   0.03773   0.05163    0.0125
     46/99     1.75G   0.04275   0.06855   0.01621    0.1275         6       416    0.2601    0.4058    0.3905    0.1902   0.03879   0.05226   0.01247
     47/99     1.75G   0.04101   0.06613   0.01488     0.122         5       416    0.1775    0.4193    0.3892    0.1993   0.03755   0.05663   0.01295
     48/99     1.75G   0.04235   0.06652   0.01544    0.1243        16       416    0.2562    0.3865    0.3797    0.1878   0.03918   0.05404    0.0128
     49/99     1.75G   0.04113   0.06549   0.01536     0.122         7       416    0.2634    0.3956    0.3944    0.2105   0.03687   0.05161   0.01207
     50/99     1.75G   0.04182   0.06407   0.01438    0.1203         5       416    0.2409    0.4059    0.3952    0.2069    0.0374   0.05225   0.01202
     51/99     1.75G    0.0407   0.06189   0.01598    0.1186         6       416    0.2362    0.4163    0.3792    0.1916   0.03767   0.05152   0.01226
     52/99     1.75G   0.04061   0.06706   0.01356    0.1212         9       416    0.2614    0.4617    0.3977    0.2046   0.03601   0.05113   0.01209
     53/99     1.75G   0.04056   0.06486   0.01443    0.1199         9       416    0.2372    0.4175    0.4066    0.2035   0.03729   0.05225     0.012
     54/99     1.75G   0.04084   0.06311   0.01424    0.1182         7       416    0.2554    0.4051    0.3984    0.2034   0.03688    0.0519   0.01199
     55/99     1.75G   0.03878   0.06249   0.01657    0.1178         1       416    0.2457    0.4019    0.3948    0.2076   0.03658   0.05107   0.01211
     56/99     1.75G   0.03931   0.06632     0.014    0.1196         7       416    0.2512    0.4158    0.4072    0.2113    0.0356   0.04984   0.01179
     57/99     1.75G   0.03899   0.06165    0.0158    0.1164         6       416    0.2473    0.4094    0.4014    0.2068   0.03547   0.04964   0.01167
     58/99     1.75G   0.04016   0.05988   0.01485    0.1149         1       416    0.2792    0.4263     0.407    0.2006   0.03667   0.04935   0.01165
     59/99     1.75G   0.03973   0.06346   0.01475    0.1179        10       416    0.2794    0.4147    0.3987    0.2061   0.03612    0.0501   0.01171
     60/99     1.75G   0.03997   0.06665   0.01601    0.1226        29       416    0.2659    0.4045    0.4079    0.2102   0.03602   0.05029   0.01179
     61/99     1.75G   0.03832   0.06163    0.0145    0.1145         7       416    0.2644    0.4781     0.418    0.2217   0.03505   0.04973   0.01182
     62/99     1.75G   0.03853   0.06352   0.01517    0.1172         4       416    0.2883    0.4245    0.4036    0.2158   0.03445   0.04945   0.01213
     63/99     1.75G   0.03746   0.05549   0.01468    0.1076         3       416    0.2249    0.4308    0.4084    0.2135   0.03553   0.05009   0.01153
     64/99     1.75G   0.03877   0.06516   0.01514    0.1191         4       416    0.2739    0.4117    0.4061    0.2175   0.03529   0.04933   0.01189
     65/99     1.75G   0.03729   0.06213   0.01371    0.1131         6       416    0.2613    0.4691    0.4054    0.2162   0.03469   0.05031   0.01228
     66/99     1.75G   0.03675    0.0597   0.01336    0.1098         5       416    0.2609    0.4686      0.41    0.2237   0.03463   0.04947    0.0117
     67/99     1.75G   0.03672   0.06083    0.0128    0.1104         5       416    0.2913    0.4087    0.4019    0.2156   0.03501    0.0489   0.01171
     68/99     1.75G   0.03739   0.06074   0.01423    0.1124         6       416    0.2906    0.4134    0.4054     0.216   0.03527   0.04997   0.01167
     69/99     1.75G     0.038   0.05938   0.01287    0.1102         1       416    0.3026    0.4387    0.4126    0.2229   0.03412   0.04877   0.01133
     70/99     1.75G   0.03741   0.05859   0.01476    0.1108         6       416    0.3125     0.444    0.4181    0.2302   0.03414   0.04816   0.01162
     71/99     1.75G   0.03617   0.05803   0.01391    0.1081        13       416    0.2586    0.4328    0.4127    0.2275   0.03419   0.04837   0.01156
     72/99     1.75G   0.03633    0.0574   0.01451    0.1082         1       416    0.2904    0.4661    0.4218    0.2255   0.03398   0.04815   0.01116
     73/99     1.75G   0.03587    0.0614   0.01404    0.1113        11       416    0.3131    0.4955    0.4315    0.2301   0.03465    0.0493   0.01101
     74/99     1.75G   0.03585   0.05827   0.01242    0.1065         2       416    0.3433    0.4464    0.4121    0.2212   0.03461   0.04973   0.01109
     75/99     1.75G   0.03543   0.05945   0.01443    0.1093        18       416     0.232    0.4735    0.4212    0.2296   0.03364   0.04982   0.01147
     76/99     1.75G   0.03512   0.05721   0.01301    0.1053         1       416    0.3413    0.4562    0.4157    0.2287   0.03405   0.04858   0.01166
     77/99     1.75G   0.03505   0.05524   0.01411    0.1044         2       416    0.2936    0.4643    0.4245    0.2284   0.03366   0.04792   0.01182
     78/99     1.75G   0.03503   0.06007   0.01401    0.1091         0       416    0.3078    0.5056    0.4298    0.2393   0.03355   0.04832   0.01126
     79/99     1.75G   0.03478   0.05634   0.01311    0.1042        11       416    0.2704    0.4721    0.4318    0.2338   0.03397   0.04805   0.01157
     80/99     1.75G   0.03458   0.05888   0.01216    0.1056         7       416    0.2889    0.4982    0.4126    0.2261   0.03355   0.04856   0.01153
     81/99     1.75G   0.03473   0.05671   0.01471    0.1062         8       416    0.3387    0.4987    0.4296    0.2392   0.03301   0.04717   0.01127
     82/99     1.75G   0.03507   0.05646   0.01404    0.1056         3       416    0.3235    0.4977    0.4359    0.2371   0.03349   0.04757   0.01105
     83/99     1.75G   0.03627   0.05872   0.01351    0.1085        13       416    0.3078    0.4387    0.4268    0.2275   0.03401   0.04804   0.01138
     84/99     1.75G   0.03401   0.05447   0.01246    0.1009         2       416    0.3523    0.4656    0.4324    0.2362   0.03328   0.04715    0.0113
     85/99     1.75G   0.03596   0.06059   0.01336    0.1099        21       416    0.3025    0.4784    0.4349    0.2323    0.0341   0.04803   0.01151
     86/99     1.75G   0.03487    0.0556    0.0121    0.1026         2       416    0.3093    0.5257    0.4378    0.2414   0.03285   0.04728   0.01155
     87/99     1.75G   0.03576   0.05583   0.01318    0.1048         2       416    0.3316    0.5054    0.4333    0.2404   0.03336   0.04815   0.01134
     88/99     1.75G   0.03326   0.05242    0.0117   0.09739         1       416       0.3    0.5175    0.4413    0.2361   0.03338   0.04762   0.01133
     89/99     1.75G    0.0347   0.07178   0.01274    0.1192        35       416     0.326    0.4998    0.4441    0.2496   0.03299   0.04751   0.01162
     90/99     1.75G    0.0346   0.05416     0.014    0.1028         1       416    0.3179    0.4969    0.4393    0.2414   0.03353    0.0473   0.01117
     91/99     1.75G   0.03416   0.05606   0.01249    0.1027         9       416    0.3132     0.472    0.4401    0.2497   0.03316   0.04746   0.01108
     92/99     1.75G   0.03459   0.05376   0.01368     0.102         3       416    0.3178    0.4931     0.443    0.2491   0.03299   0.04662   0.01106
     93/99     1.75G   0.03424   0.05617   0.01264    0.1031        13       416    0.3334    0.4857    0.4372     0.249   0.03297    0.0475   0.01111
     94/99     1.75G   0.03373   0.05539   0.01251    0.1016         9       416    0.3259    0.4905    0.4497    0.2487   0.03324   0.04697   0.01124
     95/99     1.75G   0.03456   0.05723   0.01195    0.1037         5       416    0.2938    0.4871    0.4341    0.2385   0.03338   0.04777   0.01131
     96/99     1.75G   0.03431   0.05213   0.01138   0.09782         1       416    0.3164    0.5012    0.4365    0.2488     0.033   0.04728   0.01123
     97/99     1.75G   0.03469   0.05874   0.01236    0.1058        10       416    0.3307    0.5194    0.4352    0.2443   0.03303   0.04825   0.01123
     98/99     1.75G   0.03302   0.05327   0.01271     0.099         0       416    0.3363    0.5128    0.4354    0.2405   0.03337   0.04736   0.01128
     99/99     1.75G   0.03466    0.0555   0.01229    0.1024         9       416    0.3702     0.502    0.4413    0.2539    0.0333   0.04745    0.0111
